5
25 25
15
+++++++++++++++++++++++++
+++++++++++++++++++++++++
+++++++++++++++++++++++++
+++++++++++++++++++++++++
+++++++++++++++++++++++++
+++++++++++++++++++++++++
+++++++++++++++++++++++++
+++++++++++X+++++++++++++
++++++++++++XX+++++++++++
+++++++++++XX++++++++++++
+++++++++++++++++++++++++
+++++++++++++++++++++++++
+++++++++++++++++++++++++
+++++++++++++++++++++++++
+++++++++++++++++++++++++
+++++++++++++++++++++++++
+++++++++++++++++++++++++
+++++++++++++++++++++++++
+++++++++++++++++++++++++
+++++++++++++++++++++++++
+++++++++++++++++++++++++
+++++++++++++++++++++++++
+++++++++++++++++++++++++
+++++++++++++++++++++++++
+++++++++++++++++++++++++
1 3 8 4 7 5 7 6 8
2 4 7 5 7 5 8 6 9
3 4 8 4 9 5 7 5 10
4 4 8 4 9 5 9 6 10
5 4 9 5 8 6 8 7 9
6 5 8 6 8 6 9 7 10
7 5 9 5 10 6 8 6 11
8 5 9 5 10 6 10 7 11
9 5 10 6 9 7 9 8 10
10 6 9 7 9 7 10 8 11
11 6 10 6 11 7 9 7 12
12 6 10 6 11 7 11 8 12
13 6 11 7 10 8 10 9 11
14 7 10 8 10 8 11 9 12
15 7 11 7 12 8 10 8 13
