5
40 40
70
++++++++++++++++++++++++++++++++++++++++
++++++++++++++++++++++++++++++++++++++++
++++++++++++++++++++++++++++++++++++++++
++++++++++++++++++++++++++++++++++++++++
++++++++++++++++++++++++++++++++++++++++
++++++++++++++++++++++++++++++++++++++++
++++++++++++++++++++++++++++++++++++++++
++++++++++++++++++++++++++++++++++++++++
++++++++++++++++++++++++++++++++++++++++
++++++++++++++++++++++++++++++++++++++++
++++++++++++++++++++++++++++++++++++++++
+++++++++++++XX+++++++++++++++++++++++++
++++++++++++++++++++++++++++++++++++++++
++++++++++++++++++++++++++++++++++++++++
++++++++++XXX+++++++++++++++++++++++++++
++++++++++X++++X++++++++++++++++++++++++
++++++++++XX+XX+++++++++++++++++++++++++
++++++++++++X+++++++++++++++++++++++++++
++++++++++++++++++++++++++++++++++++++++
++++++++++++++++++++++++++++++++++++++++
++++++++++++++++++++++++++++++++++++++++
++++++++++++++++++++++++++++++++++++++++
++++++++++++++++++++++++++++++++++++++++
++++++++++++++++++++++++++++++++++++++++
++++++++++++++++++++++++++++++++++++++++
++++++++++++++++++++++++++++++++++++++++
++++++++++++++++++++++++++++++++++++++++
++++++++++++++++++++++++++++++++++++++++
++++++++++++++++++++++++++++++++++++++++
++++++++++++++++++++++++++++++++++++++++
++++++++++++++++++++++++++++++++++++++++
++++++++++++++++++++++++++++++++++++++++
++++++++++++++++++++++++++++++++++++++++
++++++++++++++++++++++++++++++++++++++++
++++++++++++++++++++++++++++++++++++++++
++++++++++++++++++++++++++++++++++++++++
++++++++++++++++++++++++++++++++++++++++
++++++++++++++++++++++++++++++++++++++++
++++++++++++++++++++++++++++++++++++++++
++++++++++++++++++++++++++++++++++++++++
1 11 13 11 14 13 11 14 12 15 9 15 10 15 13 15 14 15 15 16 12 17 11 17 13
2 13 10 14 12 15 13 16 11 16 12 16 13 16 14 17 10 17 11 17 12 17 13 17 14 18 12
3 13 11 13 12 14 9 14 10 14 11 15 14 16 9 17 10 17 11 17 14 18 12
4 13 10 13 11 13 12 14 10 14 11 14 12 15 8 17 10 17 11
5 14 8 14 10 15 9 15 11 16 8 16 9 17 9
6 13 10 13 11 14 12 15 7 16 11
7 13 9 13 11 14 7 15 8 15 11 16 7 16 10 17 11
8 12 10 13 10 13 12 14 8 15 6 15 7 15 9 15 10 15 11 15 12 16 9 17 8 18 10
9 12 11 13 8 13 11 14 7 14 11 14 12 14 13 15 9 15 10 15 11 15 12 16 8 16 9 16 11 17 7 17 8 17 9 17 10 18 11
10 12 9 13 11 14 8 14 13 15 6 16 6 17 7 17 10
11 11 10 12 8 12 10 12 12 13 8 13 9 14 10 15 7 15 8 16 6 16 7
12 11 9 11 11 12 8 12 11 13 11 14 7 14 11
13 10 10 14 8 15 8 15 10
14 10 9 10 11 11 10 13 8 13 9 14 7 14 8 15 7 15 8 15 9 15 11 16 10 16 11
15 9 10 10 10 11 8 11 12 12 11 13 8 13 9 14 7 14 8 14 9 14 10 14 11 14 12 15 9 15 10 15 11 15 12 16 10 16 11 16 12 17 9 17 10 17 11 17 12
16 10 8 10 12 11 11 11 12 12 8 12 11 12 12 12 13 13 13 14 7 14 11 14 13 15 8 15 11 15 13 16 11 16 13 17 9 17 10
17 9 9 9 11 10 9 10 12 11 7 11 8 11 9 11 12 12 12 13 11 13 12 13 13 13 14 14 11 14 12 14 13 14 14 15 10 15 11 15 12 15 13 15 14 16 10 16 11 16 12 16 13 17 12 17 13
18 8 10 10 9 10 12 11 9 11 11 11 13 12 9 12 11 13 11 13 12 14 13 14 15 15 10 15 14 16 9 16 11 17 9 17 13
19 8 9 8 11 9 8 9 9 9 10 9 11 9 12 10 8 10 9 10 11 10 12 10 13 11 11 11 12 11 13 12 10 12 11 12 12 12 13 12 14 13 11 13 12 13 14 13 15 15 10 15 14 16 10 17 9 17 10 18 9
20 7 10 9 8 9 9 9 10 9 11 10 8 10 13 11 7 11 8 12 9 12 14 13 11 13 13 14 14 15 13 15 15 16 9 16 10 16 11 17 9 17 11 18 9 18 11 19 10
21 7 9 7 11 8 9 8 10 8 11 8 12 9 8 9 9 9 10 9 11 10 11 11 7 11 8 11 9 11 10 12 9 13 9 13 13 13 15 14 12 14 16 15 10 15 14 16 9 16 11 16 14 18 9 18 11 19 10
22 6 10 7 9 8 9 8 10 9 8 9 11 10 7 10 9 11 8 11 11 15 10 15 11 15 16 16 10 16 12 17 8 17 9 17 11 17 12 18 10 19 10
23 6 11 7 10 7 11 8 10 9 11 10 8 10 11 11 7 11 8 11 10 12 7 12 11 14 10 14 11 15 11 15 13 15 15 16 11 16 12 16 15 17 9 17 13 18 10
24 6 10 6 11 7 10 7 11 8 9 8 12 9 8 9 12 10 7 10 9 11 7 11 9 12 7 12 9 13 8 14 9 14 13 15 9 15 12 15 13 16 8 16 10 16 13 17 9 17 11 17 14 18 8 18 9 18 10 18 12 19 9 19 11
25 7 10 7 11 9 8 10 8 11 7 12 7 12 8 12 9 12 10 13 8 13 9 13 12 14 9 14 10 14 11 14 13 15 9 15 10 15 12 15 13 16 9 16 10 16 13 16 14 17 7 17 11 17 12 17 13 17 14 17 15 18 11 18 12 19 12 20 10
26 10 8 11 8 11 9 11 10 11 11 12 7 12 10 12 12 13 11 13 13 15 14 16 7 16 16 17 9 17 15 18 7 18 10 18 11 19 12 20 9
27 11 8 11 9 12 9 12 11 12 12 12 13 13 10 13 11 13 12 13 13 13 14 14 11 14 12 14 13 15 13 15 16 15 17 16 8 16 9 17 6 17 7 17 8 17 9 17 10 18 8 18 10 19 9 19 10 19 11 20 10 20 11
28 12 9 12 10 12 11 12 13 13 9 13 11 13 15 14 11 14 13 15 13 16 7 16 9 16 14 17 7 17 8 18 7 18 11 19 10 20 9 20 11
29 11 9 13 9 13 12 13 16 14 10 14 15 15 13 15 14 16 7 17 6 17 8 17 10 17 15 18 7 18 9 19 10
30 11 10 12 11 12 12 12 15 13 11 13 13 14 17 16 7 17 6 17 14 17 16 18 7 18 8 18 9
31 12 11 12 16 13 10 13 13 13 14 13 15 13 16 13 17 14 10 14 11 14 13 14 16 16 13 16 14 16 15 16 16 16 17 17 6 17 15 18 7 18 8 18 15
32 12 15 14 11 14 12 14 16 14 18 15 12 15 13 15 16 15 18 16 14 16 16 17 7 17 15 18 7
33 12 16 13 13 13 17 13 18 14 11 14 13 14 16 14 17 14 18 15 16 15 17 15 18 16 16 16 17 16 18 17 13 17 14 17 15 17 16 17 17 18 14 18 16
34 12 13 13 12 13 13 13 18 14 12 14 13 15 11 15 12 15 14 16 12 16 18 17 16 19 15
35 11 12 12 11 12 13 13 11 14 11 16 13 16 15 17 12 17 13 18 15 18 16 18 17 19 14 19 16
36 11 12 12 11 13 11 15 11 15 13 15 15 16 11 16 16 17 12 17 14 18 13 20 15
37 12 11 12 12 14 14 15 12 15 14 15 15 15 16 16 11 16 14 16 15 16 16 16 17 17 12 17 14 17 16 18 14 19 13 19 14 19 15 20 14 20 16
38 14 13 14 14 15 16 16 11 16 16 17 13 17 16 17 18 18 12 18 16 19 17 21 15
39 14 12 15 11 15 12 16 12 16 17 16 18 17 12 17 13 17 15 17 16 17 17 18 12 18 13 18 14 18 15 18 16 18 17 19 12 19 16 19 17 20 15 20 16 20 17 21 14 21 16
40 16 11 16 12 16 16 16 17 16 18 17 14 17 16 17 17 17 18 18 13 19 12 19 15 20 16 20 17 22 15
41 16 13 16 14 16 15 17 14 17 15 17 16 18 14 18 15 19 15 19 16 20 13 20 14 21 15 22 14 22 16
42 15 13 16 15 16 16 16 17 17 12 17 16 17 17 18 13 19 12 19 14 19 16 20 14 20 17 21 13 21 17 22 15 23 15
43 14 13 15 14 16 11 16 14 16 15 16 16 17 15 17 16 18 12 19 13 19 15 20 13 20 14 21 13 21 14 21 16 21 17 22 13 22 17
44 14 12 16 12 17 12 17 14 17 15 18 11 18 14 18 15 19 12 19 13 19 14 19 16 20 15 20 17 21 15 22 13 22 15 22 17 23 14 23 16
45 15 11 15 12 16 11 16 12 17 11 17 14 18 11 18 14 18 15 18 16 19 12 19 15 19 16 20 15 20 16 21 15 22 14 22 15 22 16 23 15 24 15
46 16 11 16 14 16 15 17 13 18 11 18 13 18 16 23 14 23 15 23 16
47 15 11 16 12 16 13 17 10 17 11 17 13 18 12 18 13 18 14 19 11 19 12 23 15 24 15
48 15 13 15 14 16 10 16 12 16 13 16 14 17 11 18 10 18 12 18 14 19 11 19 12 19 13
49 14 12 15 10 15 11 15 12 16 10 16 11 16 12 17 9 17 10 17 11 17 13 18 11
50 14 12 15 10 15 12 16 12 16 14 17 9 17 12 18 10 18 11 18 13 19 11 19 12
51 15 13 15 14 16 11 16 12 16 13 17 12 17 13 18 12
52 15 12 15 13 15 14 16 11 16 13 16 14 17 12 18 11 18 12 18 13 19 11 19 12
53 15 13 16 12 17 13 18 11 18 13 19 12
54 17 12 17 13 17 14 18 12 19 12
55 16 12 18 11 18 12
56 16 13 17 12 19 13
57 17 14 18 11 18 12 18 13 18 14
58 17 12 18 14
59 18 11 18 12 19 13
60 18 12 19 12
61
62
63
64
65
66
67
68
69
70