5
25 25
15
+++++++++++++++++++++++++
+++++++++++++++++++++++++
+++++++++++++++++XXX+++++
+++++++++++++++++++++++++
+++++++++XX++++++++++++++
+++++++++XX++++++++++++++
+++++++++++++++++++++++++
+++++++++++++++++++++++++
+++++++++++++++++++++++++
+++++++++++++++++++++++++
++++++++++XXX++++++++++++
+++++++++++X+++++++++++++
+++++++++++X+++++++++++++
++++++++++XXX++++++++++++
+++++++++++++++++++++++++
++++++++++XXX++++++++++++
++++++++++XXX++++++++++++
+++++++++++++++++++++++++
++++++++++XXX++++++++++++
+++++++++++X+++++++++++++
+++++++++++X+++++++++++++
++++++++++XXX++++++++++++
+++++++++++++++++++++++++
+++++++++++++++++++++++++
+++++++++++++++++++++++++
1 1 18 2 17 2 19 3 18 9 11 11 11 12 11 15 11 16 11 19 11 20 11 22 11
2 1 18 2 17 2 19 3 18 9 10 9 12 11 11 12 11 13 10 13 12 14 10 14 12 15 10 15 12 16 10 16 12 17 10 17 12 18 10 18 12 19 11 20 11 22 10 22 12
3 1 18 2 17 2 19 3 18 8 11 9 11 10 10 10 11 10 12 11 11 12 10 12 12 13 10 13 12 14 10 14 11 14 12 17 10 17 11 17 12 18 10 18 12 19 10 19 12 20 11 21 10 21 11 21 12 22 11 23 11
4 1 18 2 17 2 19 3 18 9 10 9 11 9 12 11 11 12 11 13 10 13 11 13 12 14 10 14 12 17 10 17 12 18 10 18 11 18 12 19 11 20 11 22 10 22 11 22 12
5 1 18 2 17 2 19 3 18 8 11 9 11 12 10 12 11 12 12 13 10 13 12 14 10 14 12 15 11 16 11 17 10 17 12 18 10 18 12 19 10 19 11 19 12 22 11 23 11
6 1 18 2 17 2 19 3 18 11 11 12 10 12 12 14 10 14 12 15 10 15 12 16 10 16 12 17 10 17 12 19 10 19 12 20 11
7 1 18 2 17 2 19 3 18 11 11 12 11 13 9 13 10 13 12 13 13 14 9 14 10 14 11 14 12 14 13 15 9 15 10 15 11 15 12 15 13 16 9 16 10 16 11 16 12 16 13 17 9 17 10 17 11 17 12 17 13 18 9 18 10 18 12 18 13 19 11 20 11
8 1 18 2 17 2 19 3 18 12 11 13 10 13 12 14 8 14 10 14 12 14 14 15 8 15 10 15 12 15 14 16 8 16 10 16 12 16 14 17 8 17 10 17 12 17 14 18 10 18 12 19 11
9 1 18 2 17 2 19 3 18 11 10 11 12 12 9 12 10 12 11 12 12 12 13 13 8 13 9 13 10 13 12 13 13 13 14 14 8 14 9 14 10 14 12 14 13 14 14 15 7 15 8 15 9 15 10 15 12 15 13 15 14 15 15 16 7 16 8 16 9 16 10 16 12 16 13 16 14 16 15 17 8 17 9 17 10 17 12 17 13 17 14 18 8 18 9 18 10 18 12 18 13 18 14 19 9 19 10 19 11 19 12 19 13 20 10 20 12
10 1 18 2 17 2 19 3 18 10 11 12 10 12 11 12 12 13 8 13 14 15 7 15 15 16 7 16 15 18 8 18 14 19 10 19 11 19 12 21 11
11 1 18 2 17 2 19 3 18 10 10 10 12 11 9 11 10 11 11 11 12 11 13 12 10 12 11 12 12 13 10 13 11 13 12 18 10 18 11 18 12 19 10 19 11 19 12 20 9 20 10 20 11 20 12 20 13 21 10 21 12
12 1 18 2 17 2 19 3 18 9 11 11 11 12 11 14 11 17 11 19 11 20 11 22 11
13 1 18 2 17 2 19 3 18 9 10 9 12 10 10 10 11 10 12 11 11 12 11 13 10 13 11 13 12 14 10 14 12 17 10 17 12 18 10 18 11 18 12 19 11 20 11 21 10 21 11 21 12 22 10 22 12
14 1 18 2 17 2 19 3 18 8 11 9 10 9 12 10 10 10 11 10 12 11 9 11 13 12 9 12 13 13 10 13 11 13 12 14 10 14 12 15 11 16 11 17 10 17 12 18 10 18 11 18 12 19 9 19 13 20 9 20 13 21 10 21 11 21 12 22 10 22 12 23 11
15 1 18 2 17 2 19 3 18 8 11 9 11 11 11 12 11 14 11 15 10 15 12 16 10 16 12 17 11 19 11 20 11 22 11 23 11
